image_width: 680
image_height: 480
camera_name: realsense_right
camera_matrix:
  rows: 3
  cols: 3
  data: [358.283968665355, 0.000000000000, 340.500000000000, 0.000000000000, 358.283968665355, 240.500000000000, 0.000000000000, 0.000000000000, 1.000000000000]
distortion_model: plumb_bob
distortion_coefficients:
  rows: 1
  cols: 5
  data: [0.000000010000, 0.000000010000, 0.000000010000, 0.000000010000, 0.000000010000]
