image_width: 1920
image_height: 1200
camera_name: realsense_left
camera_matrix:
  rows: 3
  cols: 3
  data: [1011.625323290413, 0.000000000000, 960.500000000000, 0.000000000000, 1011.625323290413, 600.500000000000, 0.000000000000, 0.000000000000, 1.000000000000]
distortion_model: plumb_bob
distortion_coefficients:
  rows: 1
  cols: 5
  data: [0.000000010000, 0.000000010000, 0.000000010000, 0.000000010000, 0.000000010000]
